{
    "modelViewMatrix": [
        {
            "e00": 0.11553031206130982,
            "e01": 0.00022223591804504395,
            "e02": 0.9933040142059326,
            "e03": -0.08748316019773483,
            "e10": -0.9673373699188232,
            "e11": 0.22718167304992677,
            "e12": 0.11245939135551453,
            "e13": 0.27081072330474856,
            "e20": 0.22563552856445313,
            "e21": 0.9738523960113525,
            "e22": -0.026461303234100343,
            "e23": -1.758675217628479,
            "e30": 0.0,
            "e31": 0.0,
            "e32": 0.0,
            "e33": 1.0
        },
        {
            "e00": 0.11553031206130982,
            "e01": 0.00022223591804504395,
            "e02": 0.9933040142059326,
            "e03": -0.08748315274715424,
            "e10": -0.9673373699188232,
            "e11": 0.22718167304992677,
            "e12": 0.11245939135551453,
            "e13": 0.2708107531070709,
            "e20": 0.22563552856445313,
            "e21": 0.9738523960113525,
            "e22": -0.026461303234100343,
            "e23": -1.8416205644607545,
            "e30": 0.0,
            "e31": 0.0,
            "e32": 0.0,
            "e33": 1.0
        },
        {
            "e00": 0.11553031206130982,
            "e01": 0.00022223591804504395,
            "e02": 0.9933040142059326,
            "e03": -0.08748314529657364,
            "e10": -0.9673373699188232,
            "e11": 0.22718167304992677,
            "e12": 0.11245939135551453,
            "e13": 0.27081066370010378,
            "e20": 0.22563552856445313,
            "e21": 0.9738523960113525,
            "e22": -0.026461303234100343,
            "e23": -2.014376640319824,
            "e30": 0.0,
            "e31": 0.0,
            "e32": 0.0,
            "e33": 1.0
        },
        {
            "e00": 0.11553031206130982,
            "e01": 0.00022223591804504395,
            "e02": 0.9933040142059326,
            "e03": -0.38166603446006777,
            "e10": -0.9673373699188232,
            "e11": 0.22718167304992677,
            "e12": 0.11245939135551453,
            "e13": 0.2708112895488739,
            "e20": 0.22563552856445313,
            "e21": 0.9738523960113525,
            "e22": -0.026461303234100343,
            "e23": -2.0143730640411379,
            "e30": 0.0,
            "e31": 0.0,
            "e32": 0.0,
            "e33": 1.0
        },
        {
            "e00": -0.5591225624084473,
            "e01": 0.00021845102310180664,
            "e02": 0.8290849924087524,
            "e03": 0.17996682226657868,
            "e10": -0.694696307182312,
            "e11": 0.5456892848014832,
            "e12": -0.4686366319656372,
            "e13": -0.3701728582382202,
            "e20": 0.45252513885498049,
            "e21": 0.8379875421524048,
            "e22": 0.30495548248291018,
            "e23": -2.0266451835632326,
            "e30": 0.0,
            "e31": 0.0,
            "e32": 0.0,
            "e33": 1.0
        },
        {
            "e00": 0.7163853645324707,
            "e01": 0.00021682679653167725,
            "e02": 0.6977047920227051,
            "e03": -0.43157148361206057,
            "e10": -0.48016953468322756,
            "e11": 0.7256618738174439,
            "e12": 0.4928003251552582,
            "e13": -0.6857321262359619,
            "e20": 0.5061908960342407,
            "e21": 0.6880515217781067,
            "e22": -0.5199576616287231,
            "e23": -1.6174671649932862,
            "e30": 0.0,
            "e31": 0.0,
            "e32": 0.0,
            "e33": 1.0
        },
        {
            "e00": 0.9999493956565857,
            "e01": 0.00021613831631839275,
            "e02": 0.010058844462037087,
            "e03": -0.3272210359573364,
            "e10": -0.005791507661342621,
            "e11": 0.8298869729042053,
            "e12": 0.5579014420509338,
            "e13": -1.051055669784546,
            "e20": 0.008227121084928513,
            "e21": 0.5579314827919006,
            "e22": -0.8298462629318237,
            "e23": -1.3230218887329102,
            "e30": 0.0,
            "e31": 0.0,
            "e32": 0.0,
            "e33": 1.0
        },
        {
            "e00": 0.9773305058479309,
            "e01": 0.0002150014042854309,
            "e02": 0.21171924471855164,
            "e03": -0.5966219305992127,
            "e10": 0.1842074990272522,
            "e11": 0.49209070205688479,
            "e12": -0.8508315682411194,
            "e13": -0.7305302619934082,
            "e20": 0.10436800122261048,
            "e21": -0.870543897151947,
            "e22": -0.4808956980705261,
            "e23": 0.7879841923713684,
            "e30": 0.0,
            "e31": 0.0,
            "e32": 0.0,
            "e33": 1.0
        },
        {
            "e00": 0.9915958046913147,
            "e01": 0.0002150610089302063,
            "e02": 0.12937447428703309,
            "e03": -0.6192400455474854,
            "e10": 0.09407079964876175,
            "e11": 0.6853116750717163,
            "e12": -0.7221487164497376,
            "e13": -1.0246161222457886,
            "e20": 0.08881713449954987,
            "e21": -0.7282499670982361,
            "e22": -0.6795319318771362,
            "e23": 0.4408568739891052,
            "e30": 0.0,
            "e31": 0.0,
            "e32": 0.0,
            "e33": 1.0
        },
        {
            "e00": 0.9994133114814758,
            "e01": 0.0002150973305106163,
            "e02": 0.03424828127026558,
            "e03": -0.6587555408477783,
            "e10": 0.012335038743913174,
            "e11": 0.9306122660636902,
            "e12": -0.3657986521720886,
            "e13": -1.173105239868164,
            "e20": 0.03195055201649666,
            "e21": -0.3660064935684204,
            "e22": -0.9300636649131775,
            "e23": 0.017880620434880258,
            "e30": 0.0,
            "e31": 0.0,
            "e32": 0.0,
            "e33": 1.0
        },
        {
            "e00": -0.0392230749130249,
            "e01": 0.0002148151397705078,
            "e02": 0.9992305040359497,
            "e03": -0.038630709052085879,
            "e10": 0.47979122400283816,
            "e11": 0.8771845698356628,
            "e12": 0.01864473521709442,
            "e13": -1.4119526147842408,
            "e20": 0.8765056133270264,
            "e21": -0.48015332221984866,
            "e22": 0.03450894355773926,
            "e23": -0.2916593551635742,
            "e30": 0.0,
            "e31": 0.0,
            "e32": 0.0,
            "e33": 1.0
        },
        {
            "e00": -0.9242769479751587,
            "e01": 0.00021510571241378784,
            "e02": 0.38172265887260439,
            "e03": 0.49884048104286196,
            "e10": 0.1777666211128235,
            "e11": 0.8851873278617859,
            "e12": 0.4299330413341522,
            "e13": -1.2715160846710206,
            "e20": 0.33780357241630556,
            "e21": -0.4652347266674042,
            "e22": 0.8181965351104736,
            "e23": -0.05766446888446808,
            "e30": 0.0,
            "e31": 0.0,
            "e32": 0.0,
            "e33": 1.0
        },
        {
            "e00": -0.9265594482421875,
            "e01": 0.00021501630544662476,
            "e02": 0.37614837288856509,
            "e03": 0.5021363496780396,
            "e10": 0.2072068750858307,
            "e11": 0.8348861932754517,
            "e12": 0.5099316835403442,
            "e13": -1.1108036041259766,
            "e20": 0.3139314353466034,
            "e21": -0.5504225492477417,
            "e22": 0.7736163139343262,
            "e23": 0.06796959042549133,
            "e30": 0.0,
            "e31": 0.0,
            "e32": 0.0,
            "e33": 1.0
        },
        {
            "e00": -0.9429624080657959,
            "e01": 0.0002146586775779724,
            "e02": 0.33289968967437746,
            "e03": 0.5300097465515137,
            "e10": 0.07525595277547836,
            "e11": 0.9742501974105835,
            "e12": 0.2125396728515625,
            "e13": -1.3525497913360596,
            "e20": 0.3242819905281067,
            "e21": -0.22546955943107606,
            "e22": 0.9186974763870239,
            "e23": -0.3624855875968933,
            "e30": 0.0,
            "e31": 0.0,
            "e32": 0.0,
            "e33": 1.0
        },
        {
            "e00": -0.9742364883422852,
            "e01": 0.00021463632583618164,
            "e02": 0.2255295217037201,
            "e03": 0.6000150442123413,
            "e10": -0.09092257171869278,
            "e11": 0.91475909948349,
            "e12": -0.39363548159599306,
            "e13": -1.2196670770645142,
            "e20": 0.2063896656036377,
            "e21": 0.4039997160434723,
            "e22": 0.8911721706390381,
            "e23": -1.1231396198272706,
            "e30": 0.0,
            "e31": 0.0,
            "e32": 0.0,
            "e33": 1.0
        },
        {
            "e00": -0.9975742101669312,
            "e01": 0.0002146093174815178,
            "e02": 0.0696110799908638,
            "e03": -0.6176620721817017,
            "e10": -0.03127383440732956,
            "e11": 0.8920135498046875,
            "e12": -0.45092540979385378,
            "e13": -1.190405249595642,
            "e20": 0.06219080463051796,
            "e21": 0.45200854539871218,
            "e22": 0.8898431062698364,
            "e23": -0.9988539814949036,
            "e30": 0.0,
            "e31": 0.0,
            "e32": 0.0,
            "e33": 1.0
        },
        {
            "e00": -0.997896671295166,
            "e01": 0.00021461956202983856,
            "e02": 0.06482376903295517,
            "e03": -0.6159680485725403,
            "e10": -0.029530487954616548,
            "e11": 0.8887013792991638,
            "e12": -0.45753446221351626,
            "e13": -1.1817668676376343,
            "e20": 0.05770717188715935,
            "e21": 0.458486407995224,
            "e22": 0.8868257999420166,
            "e23": -0.7920653223991394,
            "e30": 0.0,
            "e31": 0.0,
            "e32": 0.0,
            "e33": 1.0
        },
        {
            "e00": -0.9990649223327637,
            "e01": 0.00021463818848133087,
            "e02": 0.04323853552341461,
            "e03": -0.6140318512916565,
            "e10": -0.03714846074581146,
            "e11": 0.5074715614318848,
            "e12": -0.860867440700531,
            "e13": -0.7124767303466797,
            "e20": 0.02212710492312908,
            "e21": 0.8616685271263123,
            "e22": 0.5069892406463623,
            "e23": -1.3983128070831299,
            "e30": 0.0,
            "e31": 0.0,
            "e32": 0.0,
            "e33": 1.0
        },
        {
            "e00": 0.00353318452835083,
            "e01": 0.00021523237228393555,
            "e02": -0.9999938011169434,
            "e03": -0.03323480486869812,
            "e10": 0.9717944860458374,
            "e11": 0.23580384254455567,
            "e12": 0.003484398126602173,
            "e13": 0.3094084858894348,
            "e20": -0.23580321669578553,
            "e21": 0.971800684928894,
            "e22": -0.0006239414215087891,
            "e23": -1.5944405794143677,
            "e30": 0.0,
            "e31": 0.0,
            "e32": 0.0,
            "e33": 1.0
        },
        {
            "e00": -0.010204672813415528,
            "e01": 0.0002149641513824463,
            "e02": -0.9999479651451111,
            "e03": -0.04253637045621872,
            "e10": 0.9243795871734619,
            "e11": 0.3813594579696655,
            "e12": -0.009351402521133423,
            "e13": 0.061960816383361819,
            "e20": -0.3813377022743225,
            "e21": 0.924426794052124,
            "e22": 0.004090428352355957,
            "e23": -1.8020243644714356,
            "e30": 0.0,
            "e31": 0.0,
            "e32": 0.0,
            "e33": 1.0
        },
        {
            "e00": -0.010204672813415528,
            "e01": 0.0002149641513824463,
            "e02": -0.9999479651451111,
            "e03": -0.04253637045621872,
            "e10": 0.9243795871734619,
            "e11": 0.3813594579696655,
            "e12": -0.009351402521133423,
            "e13": 0.061960816383361819,
            "e20": -0.3813377022743225,
            "e21": 0.924426794052124,
            "e22": 0.004090428352355957,
            "e23": -1.8020243644714356,
            "e30": 0.0,
            "e31": 0.0,
            "e32": 0.0,
            "e33": 1.0
        },
        {
            "e00": -0.8808668851852417,
            "e01": 0.00022079050540924072,
            "e02": -0.47336459159851076,
            "e03": -0.5704449415206909,
            "e10": 0.3844878673553467,
            "e11": 0.5836507081985474,
            "e12": -0.715207040309906,
            "e13": -0.556657075881958,
            "e20": -0.27612167596817019,
            "e21": 0.8120048642158508,
            "e22": 0.5142035484313965,
            "e23": -1.526790976524353,
            "e30": 0.0,
            "e31": 0.0,
            "e32": 0.0,
            "e33": 1.0
        },
        {
            "e00": -0.9993633031845093,
            "e01": 0.00022068433463573456,
            "e02": -0.03568706661462784,
            "e03": -0.5849896669387817,
            "e10": 0.024300409480929376,
            "e11": 0.7365541458129883,
            "e12": -0.6759420037269592,
            "e13": -0.9149574041366577,
            "e20": -0.026136288419365884,
            "e21": 0.6763786673545837,
            "e22": 0.7360905408859253,
            "e23": -1.1115237474441529,
            "e30": 0.0,
            "e31": 0.0,
            "e32": 0.0,
            "e33": 1.0
        },
        {
            "e00": -0.7099088430404663,
            "e01": 0.00021901726722717285,
            "e02": -0.7042936682701111,
            "e03": -0.4626230299472809,
            "e10": 0.3802807927131653,
            "e11": 0.841818630695343,
            "e12": -0.3830508589744568,
            "e13": -0.8414794206619263,
            "e20": -0.5928036570549011,
            "e21": 0.5397604703903198,
            "e22": 0.5976977348327637,
            "e23": -1.329155683517456,
            "e30": 0.0,
            "e31": 0.0,
            "e32": 0.0,
            "e33": 1.0
        },
        {
            "e00": -0.018085122108459474,
            "e01": 0.00021860003471374512,
            "e02": -0.9998365044593811,
            "e03": -0.04810860753059387,
            "e10": 0.8978122472763062,
            "e11": 0.4400824308395386,
            "e12": -0.016143441200256349,
            "e13": -0.0037807822227478029,
            "e20": -0.4400070309638977,
            "e21": 0.8979573845863342,
            "e22": 0.008155345916748047,
            "e23": -1.6861560344696046,
            "e30": 0.0,
            "e31": 0.0,
            "e32": 0.0,
            "e33": 1.0
        },
        {
            "e00": 0.7940633296966553,
            "e01": 0.00021570920944213867,
            "e02": -0.6078349947929382,
            "e03": 0.4658752679824829,
            "e10": 0.4789136052131653,
            "e11": 0.6155803203582764,
            "e12": 0.6258615851402283,
            "e13": -0.4980906844139099,
            "e20": -0.37430626153945925,
            "e21": 0.7880741953849793,
            "e22": -0.48870646953582766,
            "e23": -1.5344786643981934,
            "e30": 0.0,
            "e31": 0.0,
            "e32": 0.0,
            "e33": 1.0
        },
        {
            "e00": 0.8719440698623657,
            "e01": 0.0002154707908630371,
            "e02": -0.48960548639297488,
            "e03": 0.5264629125595093,
            "e10": 0.3252538740634918,
            "e11": 0.7471948862075806,
            "e12": 0.5795772075653076,
            "e13": -0.7364200353622437,
            "e20": -0.3659555912017822,
            "e21": 0.6646050214767456,
            "e22": -0.6514420509338379,
            "e23": -1.341144323348999,
            "e30": 0.0,
            "e31": 0.0,
            "e32": 0.0,
            "e33": 1.0
        },
        {
            "e00": 0.9841701984405518,
            "e01": 0.00021577998995780945,
            "e02": 0.17722578346729279,
            "e03": 0.5349639058113098,
            "e10": -0.09956581890583039,
            "e11": 0.8279445171356201,
            "e12": 0.5519009232521057,
            "e13": -1.1060588359832764,
            "e20": 0.14661403000354768,
            "e21": 0.5608100295066834,
            "e22": -0.8148597478866577,
            "e23": -0.9377038478851318,
            "e30": 0.0,
            "e31": 0.0,
            "e32": 0.0,
            "e33": 1.0
        },
        {
            "e00": 0.9900434613227844,
            "e01": 0.00021576881408691406,
            "e02": -0.14076180756092072,
            "e03": 0.6173111200332642,
            "e10": -0.03947019949555397,
            "e11": 0.9603065252304077,
            "e12": -0.27614033222198489,
            "e13": -1.2114031314849854,
            "e20": -0.1351148933172226,
            "e21": -0.27894681692123415,
            "e22": -0.9507537484169006,
            "e23": -0.1495172083377838,
            "e30": 0.0,
            "e31": 0.0,
            "e32": 0.0,
            "e33": 1.0
        },
        {
            "e00": 0.9618470072746277,
            "e01": 0.0002155303955078125,
            "e02": -0.27358776330947878,
            "e03": 0.5933703780174255,
            "e10": -0.17467154562473298,
            "e11": 0.7701486945152283,
            "e12": -0.6134825944900513,
            "e13": -1.1035155057907105,
            "e20": -0.2105710208415985,
            "e21": -0.637864351272583,
            "e22": -0.7408028841018677,
            "e23": 0.4668094515800476,
            "e30": 0.0,
            "e31": 0.0,
            "e32": 0.0,
            "e33": 1.0
        },
        {
            "e00": 0.07398813962936402,
            "e01": 0.0002151280641555786,
            "e02": -0.9972591400146484,
            "e03": 0.017361905425786973,
            "e10": -0.4965038299560547,
            "e11": 0.8672604560852051,
            "e12": -0.03664928674697876,
            "e13": -1.418081521987915,
            "e20": -0.8648755550384522,
            "e21": -0.4978545904159546,
            "e22": -0.06427383422851563,
            "e23": -0.16547995805740357,
            "e30": 0.0,
            "e31": 0.0,
            "e32": 0.0,
            "e33": 1.0
        },
        {
            "e00": -0.6342523097991943,
            "e01": 0.00021560490131378174,
            "e02": -0.7731262445449829,
            "e03": -0.30848798155784609,
            "e10": -0.3051260709762573,
            "e11": 0.9187551736831665,
            "e12": 0.2505735158920288,
            "e13": -1.3233977556228638,
            "e20": -0.7103677988052368,
            "e21": -0.3948277235031128,
            "e22": 0.582656741142273,
            "e23": -0.30891865491867068,
            "e30": 0.0,
            "e31": 0.0,
            "e32": 0.0,
            "e33": 1.0
        },
        {
            "e00": -0.7877999544143677,
            "e01": 0.00021589547395706177,
            "e02": -0.6159313917160034,
            "e03": -0.48043331503868105,
            "e10": -0.12982645630836488,
            "e11": 0.977475106716156,
            "e12": 0.1663956642150879,
            "e13": -1.3491179943084717,
            "e20": -0.6020935773849487,
            "e21": -0.21105065941810609,
            "e22": 0.7700268030166626,
            "e23": -0.49332863092422488,
            "e30": 0.0,
            "e31": 0.0,
            "e32": 0.0,
            "e33": 1.0
        },
        {
            "e00": -0.9036797285079956,
            "e01": 0.0002159811556339264,
            "e02": -0.4282088577747345,
            "e03": -0.5100589394569397,
            "e10": -0.06583638489246369,
            "e11": 0.9880398511886597,
            "e12": 0.13943757116794587,
            "e13": -1.3004672527313233,
            "e20": -0.4231175482273102,
            "e21": -0.15419863164424897,
            "e22": 0.8928573131561279,
            "e23": -0.45613187551498415,
            "e30": 0.0,
            "e31": 0.0,
            "e32": 0.0,
            "e33": 1.0
        },
        {
            "e00": -0.9267547130584717,
            "e01": 0.000215969979763031,
            "e02": -0.375667542219162,
            "e03": -0.5462294220924377,
            "e10": 0.07156774401664734,
            "e11": 0.9817869663238525,
            "e12": -0.17598989605903626,
            "e13": -1.2479138374328614,
            "e20": -0.3687874972820282,
            "e21": 0.18998509645462037,
            "e22": 0.9098911285400391,
            "e23": -0.8621408939361572,
            "e30": 0.0,
            "e31": 0.0,
            "e32": 0.0,
            "e33": 1.0
        },
        {
            "e00": -0.11640048027038574,
            "e01": 0.0002157464623451233,
            "e02": -0.9932024478912354,
            "e03": -0.09704660624265671,
            "e10": 0.22399696707725526,
            "e11": 0.9742419123649597,
            "e12": -0.026040151715278627,
            "e13": -1.1701990365982056,
            "e20": -0.9676138162612915,
            "e21": 0.22550539672374726,
            "e22": 0.11345052719116211,
            "e23": -1.2700719833374024,
            "e30": 0.0,
            "e31": 0.0,
            "e32": 0.0,
            "e33": 1.0
        }
    ]
}