{
    "modelViewMatrix": [
        {
            "e00": 0.1461048126220703,
            "e01": 0.00022217631340026855,
            "e02": 0.9892692565917969,
            "e03": -0.12844759225845338,
            "e10": -0.8868346214294434,
            "e11": 0.44316548109054568,
            "e12": 0.13087686896324159,
            "e13": 0.07912331819534302,
            "e20": 0.43838098645210268,
            "e21": 0.896439790725708,
            "e22": -0.06494557857513428,
            "e23": -2.0280630588531496,
            "e30": 0.0,
            "e31": 0.0,
            "e32": 0.0,
            "e33": 1.0
        },
        {
            "e00": 0.9952942728996277,
            "e01": 0.00022157840430736542,
            "e02": 0.0968983992934227,
            "e03": -0.8060141205787659,
            "e10": -0.02373013086616993,
            "e11": 0.9701040983200073,
            "e12": 0.2415263056755066,
            "e13": -1.4735336303710938,
            "e20": 0.09394801408052445,
            "e21": 0.24268916249275208,
            "e22": -0.9655442833900452,
            "e23": -0.9931100606918335,
            "e30": 0.0,
            "e31": 0.0,
            "e32": 0.0,
            "e33": 1.0
        },
        {
            "e00": 0.4920614957809448,
            "e01": 0.00022140145301818848,
            "e02": 0.8705604076385498,
            "e03": -0.40917569398880007,
            "e10": -0.2796482741832733,
            "e11": 0.9470421075820923,
            "e12": 0.15782302618026734,
            "e13": -1.217665672302246,
            "e20": 0.8244223594665527,
            "e21": 0.3211093544960022,
            "e22": -0.46606487035751345,
            "e23": -1.6116265058517457,
            "e30": 0.0,
            "e31": 0.0,
            "e32": 0.0,
            "e33": 1.0
        },
        {
            "e00": -0.752432107925415,
            "e01": 0.00022157281637191772,
            "e02": 0.6586698293685913,
            "e03": 0.6362675428390503,
            "e10": -0.2166062891483307,
            "e11": 0.9442974328994751,
            "e12": -0.24775803089141847,
            "e13": -1.2437589168548585,
            "e20": 0.6220351457595825,
            "e21": 0.3290930986404419,
            "e22": 0.7104717493057251,
            "e23": -1.5088989734649659,
            "e30": 0.0,
            "e31": 0.0,
            "e32": 0.0,
            "e33": 1.0
        },
        {
            "e00": -0.8022652864456177,
            "e01": 0.00022211670875549316,
            "e02": 0.596967875957489,
            "e03": 0.7155081033706665,
            "e10": -0.45455384254455569,
            "e11": 0.6480108499526978,
            "e12": -0.6111160516738892,
            "e13": -0.729641318321228,
            "e20": 0.3869773745536804,
            "e21": 0.7616311311721802,
            "e22": 0.5197756290435791,
            "e23": -1.9417775869369507,
            "e30": 0.0,
            "e31": 0.0,
            "e32": 0.0,
            "e33": 1.0
        },
        {
            "e00": 0.5850763320922852,
            "e01": 0.00022175908088684082,
            "e02": 0.8109781742095947,
            "e03": -0.5618663430213928,
            "e10": -0.6434187889099121,
            "e11": 0.6088457703590393,
            "e12": 0.4640249013900757,
            "e13": -0.44245046377182009,
            "e20": 0.4936577081680298,
            "e21": 0.7932885885238648,
            "e22": -0.3563639521598816,
            "e23": -2.12030029296875,
            "e30": 0.0,
            "e31": 0.0,
            "e32": 0.0,
            "e33": 1.0
        },
        {
            "e00": 0.9963344931602478,
            "e01": 0.000221937894821167,
            "e02": -0.08554235100746155,
            "e03": -0.7802102565765381,
            "e10": 0.06497214734554291,
            "e11": 0.6485073566436768,
            "e12": 0.758430540561676,
            "e13": -1.1113415956497193,
            "e20": -0.055643174797296527,
            "e21": 0.7612083554267883,
            "e22": -0.6461158990859985,
            "e23": -1.6165704727172852,
            "e30": 0.0,
            "e31": 0.0,
            "e32": 0.0,
            "e33": 1.0
        },
        {
            "e00": 0.8229227066040039,
            "e01": 0.00022158026695251465,
            "e02": -0.5681533813476563,
            "e03": -0.7071185111999512,
            "e10": -0.3395642638206482,
            "e11": 0.8019391894340515,
            "e12": -0.4915177822113037,
            "e13": -0.8854246735572815,
            "e20": -0.455515593290329,
            "e21": -0.5974056720733643,
            "e22": -0.6600092053413391,
            "e23": 1.0586674213409424,
            "e30": 0.0,
            "e31": 0.0,
            "e32": 0.0,
            "e33": 1.0
        },
        {
            "e00": 0.8881835341453552,
            "e01": 0.00022182613611221313,
            "e02": -0.45948880910873415,
            "e03": -0.7309830784797669,
            "e10": -0.24988088011741639,
            "e11": 0.8394325971603394,
            "e12": -0.4826100468635559,
            "e13": -0.9966833591461182,
            "e20": -0.38560283184051516,
            "e21": -0.5434637665748596,
            "e22": -0.7456256747245789,
            "e23": 0.49556493759155276,
            "e30": 0.0,
            "e31": 0.0,
            "e32": 0.0,
            "e33": 1.0
        },
        {
            "e00": 0.8672144412994385,
            "e01": 0.0002215951681137085,
            "e02": -0.49793481826782229,
            "e03": 0.730932354927063,
            "e10": -0.41687965393066409,
            "e11": 0.5471934080123901,
            "e12": -0.7258034944534302,
            "e13": -1.065532922744751,
            "e20": -0.27230584621429446,
            "e21": -0.8370062112808228,
            "e22": -0.47462642192840578,
            "e23": 0.3121339976787567,
            "e30": 0.0,
            "e31": 0.0,
            "e32": 0.0,
            "e33": 1.0
        },
        {
            "e00": -0.8447149991989136,
            "e01": 0.00022279471158981323,
            "e02": -0.5352166295051575,
            "e03": -0.6737630367279053,
            "e10": -0.1387895941734314,
            "e11": 0.9657015800476074,
            "e12": 0.21944905817508698,
            "e13": -1.5020490884780884,
            "e20": -0.5169084668159485,
            "e21": -0.25965437293052676,
            "e22": 0.8157116174697876,
            "e23": -0.5428606867790222,
            "e30": 0.0,
            "e31": 0.0,
            "e32": 0.0,
            "e33": 1.0
        },
        {
            "e00": 0.9038162231445313,
            "e01": 0.00022239238023757935,
            "e02": -0.4279208481311798,
            "e03": 0.7678755521774292,
            "e10": -0.14756134152412415,
            "e11": 0.9388258457183838,
            "e12": -0.31117796897888186,
            "e13": -1.4171465635299683,
            "e20": -0.40167394280433657,
            "e21": -0.34439224004745486,
            "e22": -0.848558783531189,
            "e23": -0.5982042551040649,
            "e30": 0.0,
            "e31": 0.0,
            "e32": 0.0,
            "e33": 1.0
        },
        {
            "e00": 0.5894851684570313,
            "e01": 0.00022175908088684082,
            "e02": -0.8077792525291443,
            "e03": 0.4605278968811035,
            "e10": 0.6860296726226807,
            "e11": 0.5278074145317078,
            "e12": 0.5007820725440979,
            "e13": -0.3567887544631958,
            "e20": -0.42646294832229617,
            "e21": 0.8493641018867493,
            "e22": -0.31098246574401858,
            "e23": -2.5332579612731935,
            "e30": 0.0,
            "e31": 0.0,
            "e32": 0.0,
            "e33": 1.0
        },
        {
            "e00": -0.8747344017028809,
            "e01": 0.00022110342979431152,
            "e02": -0.48460298776626589,
            "e03": -0.9075103402137756,
            "e10": 0.4195910096168518,
            "e11": 0.5006581544876099,
            "e12": -0.7571557760238648,
            "e13": -0.6558912992477417,
            "e20": -0.24245308339595796,
            "e21": 0.8656450510025024,
            "e22": 0.43803584575653078,
            "e23": -2.4875998497009279,
            "e30": 0.0,
            "e31": 0.0,
            "e32": 0.0,
            "e33": 1.0
        },
        {
            "e00": 0.13686281442642213,
            "e01": 0.00022265315055847168,
            "e02": -0.99058997631073,
            "e03": 0.09336452186107636,
            "e10": 0.6751679182052612,
            "e11": 0.7317211627960205,
            "e12": 0.09344768524169922,
            "e13": -0.5688893795013428,
            "e20": -0.7248564958572388,
            "e21": 0.6816040873527527,
            "e22": -0.09999507665634155,
            "e23": -2.007615566253662,
            "e30": 0.0,
            "e31": 0.0,
            "e32": 0.0,
            "e33": 1.0
        },
        {
            "e00": -0.9009974002838135,
            "e01": 0.00022183358669281006,
            "e02": -0.43382489681243899,
            "e03": -0.7434916496276856,
            "e10": 0.263746976852417,
            "e11": 0.7942498326301575,
            "e12": -0.5473616719245911,
            "e13": -1.0214080810546876,
            "e20": -0.3444439172744751,
            "e21": 0.6075913310050964,
            "e22": 0.7156755924224854,
            "e23": -1.6016439199447632,
            "e30": 0.0,
            "e31": 0.0,
            "e32": 0.0,
            "e33": 1.0
        },
        {
            "e00": -0.14798212051391602,
            "e01": 0.00022143125534057617,
            "e02": -0.9889900088310242,
            "e03": -0.1760357916355133,
            "e10": 0.8556767106056213,
            "e11": 0.5014511942863464,
            "e12": -0.12792229652404786,
            "e13": -0.07585406303405762,
            "e20": -0.495901882648468,
            "e21": 0.8651859164237976,
            "e22": 0.07439529895782471,
            "e23": -2.091226100921631,
            "e30": 0.0,
            "e31": 0.0,
            "e32": 0.0,
            "e33": 1.0
        },
        {
            "e00": 0.028328657150268556,
            "e01": 0.00022110342979431152,
            "e02": -0.9995987415313721,
            "e03": 0.020560644567012788,
            "e10": -0.8891831636428833,
            "e11": 0.4568626284599304,
            "e12": -0.025098532438278199,
            "e13": -1.4428340196609498,
            "e20": -0.45667383074760439,
            "e21": -0.8895373344421387,
            "e22": -0.013138830661773682,
            "e23": 0.6390966773033142,
            "e30": 0.0,
            "e31": 0.0,
            "e32": 0.0,
            "e33": 1.0
        },
        {
            "e00": -0.4113309383392334,
            "e01": 0.00022095441818237305,
            "e02": -0.9114860892295837,
            "e03": -0.42245277762413027,
            "e10": 0.7807448506355286,
            "e11": 0.5161285400390625,
            "e12": -0.35220563411712649,
            "e13": -0.18053168058395387,
            "e20": -0.4703661799430847,
            "e21": 0.856511116027832,
            "e22": 0.21247220039367677,
            "e23": -2.0611283779144289,
            "e30": 0.0,
            "e31": 0.0,
            "e32": 0.0,
            "e33": 1.0
        },
        {
            "e00": 0.7549564242362976,
            "e01": 0.00022163987159729004,
            "e02": -0.6557749509811401,
            "e03": 0.6178224086761475,
            "e10": 0.565191388130188,
            "e11": 0.5069130063056946,
            "e12": 0.6508440375328064,
            "e13": -0.2885274291038513,
            "e20": -0.3325650990009308,
            "e21": 0.8619971871376038,
            "e22": -0.3825719356536865,
            "e23": -1.9867404699325562,
            "e30": 0.0,
            "e31": 0.0,
            "e32": 0.0,
            "e33": 1.0
        }
    ]
}